%YAML:1.0
---
M1: !!opencv-matrix
   rows: 3
   cols: 3
   dt: d
   data: [ 9.6222714651904846e+02, 0., 9.8156014435631050e+02, 0.,
       9.6288198715066005e+02, 5.0230718045132812e+02, 0., 0., 1. ]
D1: !!opencv-matrix
   rows: 1
   cols: 5
   dt: d
   data: [ 1.7661600026642264e-02, -5.5101310424660113e-02,
       9.3856813282619522e-04, 1.4482111706460258e-03,
       1.1533112226422204e-02 ]
M2: !!opencv-matrix
   rows: 3
   cols: 3
   dt: d
   data: [ 9.4349547703874487e+02, 0., 9.9499739809718835e+02, 0.,
       9.4432213573017964e+02, 5.1543278039576626e+02, 0., 0., 1. ]
D2: !!opencv-matrix
   rows: 1
   cols: 5
   dt: d
   data: [ 2.0894027731510823e-02, -6.6580527675957124e-02,
       -1.1027327728744694e-03, 4.9412716063293178e-04,
       2.5503699604714245e-02 ]
R: !!opencv-matrix
   rows: 3
   cols: 3
   dt: d
   data: [ 9.9970859422297287e-01, 4.2352273103760850e-04,
       -2.4136015935188809e-02, -4.6541431826061544e-04,
       9.9999839514778321e-01, -1.7300553084436494e-03,
       2.4135244482701056e-02, 1.7407844077341945e-03,
       9.9970718695196248e-01 ]
T: !!opencv-matrix
   rows: 3
   cols: 1
   dt: d
   data: [ -6.0449056017837059e+01, -2.2420522661833056e-01,
       1.2355483440069693e-02 ]
RL: !!opencv-matrix
   rows: 0
   cols: 0
   dt: u
   data: []
RR: !!opencv-matrix
   rows: 0
   cols: 0
   dt: u
   data: []
PL: !!opencv-matrix
   rows: 0
   cols: 0
   dt: u
   data: []
PR: !!opencv-matrix
   rows: 0
   cols: 0
   dt: u
   data: []
Q: !!opencv-matrix
   rows: 0
   cols: 0
   dt: u
   data: []
